462703
367695
438450
334805
424424
520589
535126
588371
263882
212568
380582
620755
593468
43349
468484
538191
142249
126111
350678
137676
191809
444399
1516731
285248
151488
296381
443191
266529
561873
97515
560501
628062
299362
283337
205914
293631
655813
574200
463192
472793
176199
231186
451978
45755
259662
598411
93208
222357
25473
1366457
495190
278148
32572
495648
375514
7768
10582
452445
501581
164383
340003
427961
441722
205873
100270
296891
121317
269087
233978
92647
166522
260582
461547
352891
539132
375156
320496
93801
379957
506793
1523067
65228
206138
15202
250816
622530
388501
501483
407794
227066
262495
492674
497519
574006
55940
251558
598843
113761
137374
626610
139980
373808
345004
52655
219567
266627
376088
211999
134169
1387259
590342
319288
378259
335462
362236
11049
436179
541891
495636
641558
478531
647877
92678
171942
48203
561288
467883
441211
16560
64396
524058
521848
487569
620518
232512
407350
284036
39770
55335
254472
68677
487330
145781
420637
332363
302460
579298
9076
440255
631443
542648
435726
213316
22753
21140
48728
143561
519691
576478
376778
77391
240068
557573
512706
444361
12840
271826
161783
80400
610111
635532
229851
84032
565188
653789
388236
389906
203162
525928
210642
289799
382463
7798
504489
527973
626728
555485
22980
357598
618946
366325
624901
40773
525766
90756
123709
359068
150420
657149
451561
24667
567586
533602
182035
90505
238393
427621
655568
170540
571589
531945
151986
486613
264402
384739
183144
222710
376720
463684
524867
197367
484820
584438
725527
58197
464505
313363
169617
145105
1437213
471736
483544
295507
195069
54751
118238
325191
38385
553609
638480
387695
287256
525169
650882
410590
69108
586765
724633
197677
45215
601459
276309
259196
134805
122466
81000
193725
1242199
73836
560520
584578
240105
34560
83041
57134
396226
332564
121230
402596
109655
24737
35616
46868
606207
27505
624704
496904
293359
472770
337713
492842
513251
270710
602506
436732
306128
550283
236134
88945
472778
134402
208456
39937
22152
35178
391631
598938
251031
138864
513047
587171
489374
367467
385567
183324
39009
547371
335145
371732
195662
519387
140637
392758
207424
282936
427558
315506
184653
195117
450075
340440
619668
80614
453147
66087
25806
497731
654783
255457
583703
333855
299716
360838
187001
189861
1790122
188961
83080
267004
402883
355562
29946
1469410
102022
284663
463479
44607
343640
309107
132820
548156
1949004
25362
370031
390302
178675
593211
377645
179408
188441
483346
333492
178617
198987
232281
62055
312539
599257
46949
459330
636580
341799
12399
13564
229724
212464
452915
432178
226039
66219
622304
550707
37461
320616
490415
488669
296962
109871
435820
537236
529119
561251
67097
962484
584695
315321
161406
610635
277999
296583
1818
489260
131725
249059
155306
375051
461837
175962
432646
1522060
560712
9439
167608
205973
246348
368090
280648
178685
493722
380839
190745
589870
502259
619515
41278
377696
206037
111803
11014
190126
306617
214511
493161
291901
410357
253697
291855
553396
78437
266824
209416
585965
187065
560509
606023
4401
488187
452000
320268
168134
480330
264358
72485
466108
327676
190632
95113
555255
595804
625897
233808
180051
289113
236403
155016
443445
280187
213059
408444
336040
589392
501725
155242
575010
439192
73295
395686
10567
334152
602385
276271
12063
155435
117881
585115
239365
623232
438080
429527
656495
678003
184881
2027707
917153
1001811
916900
1359439
1896679
1580824
627624
7924
339421
700965
377923
448956
126432
190797
1560347
605512
276026
90247
42051
762164
35059
425132
132935
368402
676578
393555
1815426
178408
482597
1428869
494371
964756
1019110
1562320
1498
1090403
639181
1485698
1719733
215440
311040
279704
418612
194586
456811
20405
628478
639945
356548
274697
749472
213223
431814
1818865
299922
634547
209627
1006955
251254
1379883
1244025
1696677
1007474
603092
1802562
1587140
464400
1520307
713851
1100921
206801
1461915
352057
343281
76770
417079
1243254
1911181
1832023
272152
626538
1708369
119023
121793
1706456
1724814
629999
1892308
1581353
213248
369201
487780
200953
173431
469531
390740
481299
850856
1560977
480679
410330
1069861
43658
1016778
499030
1457276
681370
361375
1244438
1702122
306651
1533104
1917220
486800
434574